4364.629
49876.8
50529.95
50988.26
51371.66
51769.29
52703.77
54772.34
56472.7
71766.51
75957.17
76726.02
78611.5
79267.2
79789.97
80119.82
80517.48
80978.68
81370.98
82263.68
86620.3
90406.49
90853.89
91441.49
93832.2
94712.49
95267.22
95615.26
96073.37
97354.84
120852.1
121609.9
122118.8
122702.3
124075.8
124735
127726
128761.8
148232.9
177913.8
181609
182161.1
182974.6
183809.6
185857.6
192876
193963.8
194435.1
195484.9
197941.7
208527
211429.4
222865
239373.1
240295.4
240836.8
241415.5
242013
242527.8
242956.8
244877.7
252471.7
268061.8
269086.4
270068.4
284356.4
300948.2
301566.4
302333.7
303401.9
304313.4
305063.1
305784.1
359736.7
360273.8
361304.7
376620.3
378120.2
379457.8
381860
382751.6
385780
386400.7
387121.2
391356
416739.5
417790.1
421957.6
422439.4
423049.7
424478.2
427063.8
428748
430042.4
451177.1
476280.9
478545.4
478863.9
491978.5
495176.3
496173.6
503249.8
503740.3
504180.1
515706.9
523917.6
543260.7
545824.6
546826.5
548953.2
561612.6
565994.9
576818.2
577567.8
598247.4
604364.6
616618.5
621437.4
628600.3
629224.1
629632.5
630008.4
630317.8
630624.6
631042.5
631861.3
635588.5
636435.3
636785
637559.1
637983.4
640750.4
642438.2
647299.6
655126.3
670326.6
673533.9
674611.1
675401.8
676147
676809.6
681462.9
693025.5
693615.7
694542.2
696729.5
698545.1
699587
700556.7
703335.3
704074.8
704856
706116.4
706915
707383.4
710542.2
711295.5
712211.7
713683.3
714235
714721.1
715093.5
716791.7
723368.1
730375.9
731179.7
746590.4
748427
750038.8
750782.8
773786.1
775082.2
776017.5
776639.3
777551.2
778206.9
778803.6
779227.9
779817.5
780303.5
780968.2
781930.2
784798.2
807204.9
807866.2
808318.8
808760.7
809411.8
819747.3
820217.1
820749.4
821713.3
825846.6
868177.8
868855.4
870040
903936.7
904574.6
906515.5
907597
908949.5
921271.3
921926.2
922773.6
923690.4
924672.7
941282.7
942131.3
942518.2
942967.5
943424.8
943816.8
944779.2
945957.9
947096.8
947665.5
949268.7
949919.1
950366.9
961612.3
962206.6
966317.1
967731.3
968293
968892.4
970932.5
975652.6
978727.7
1005143
1006116
1012060
1021595
1035321
1044906
1045402
1045933
1046451
1047275
1047808
1048264
1048647
1049087
1049476
1049846
1050328
1050772
1051123
1051429
1052076
1065236
1067323
1073503
1074770
1075648
1078061
1111220
1120844
1125763
1132861
1154873
1159418
1160598
1161576
1162907
1164615
1166415
1168362
1199008
1199747
1200555
1202823
1203642
1205769
1206755
1216258
1235410
1237209
1256641
1257244
1259505
1260914
1299125
1299484
1299973
1300376
1300885
1301855
1303144
1307749
1308423
1310693
1317343
1317954
1318709
1329169
1356327
1358741
1368616
1369464
1369928
1370623
1371096
1371742
1372560
1373368
1378980
1404977
1405707
1406483
1407028
1411781
1420602
1421225
1421691
1422383
1422969
1424327
1427111
1427635
1428295
1429673
1430598
1431245
1431892
1434253
1436593
1440668
1453990
1454480
1455399
1456035
1456443
1456892
1457390
1457959
1458389
1458789
1459261
1459597
1460081
1460757
1461395
1462317
1463028
1463491
1479671
1480822
1483301
1503613
1504173
1539956
1542340
1563478
1564303
1564930
1565393
1566084
1567996
1568497
1569131
1581747
1583404
1583923
1584292
1584689
1585044
1585778
1586544
1586996
1587521
1588030
1588528
1589215
1595976
1597170
1598376
1600354
1601248
1602112
1603390
1624553
1625130
1625573
1625981
1626453
1627057
1627517
1658766
1659216
1664748
1677161
1677844
1679315
1680695
1681208
1681608
1682175
1695137
1695869
1696292
1696747
1697380
1698004
1705312
1705980
1706646
1728478
1728983
1729402
1729753
1730067
1730376
1730772
1731084
1731525
1737926
1738950
1757819
1774404
1775116
1777717
1778415
1780611
1806607
1807302
1810015
1810516
1811024
1812074
1812862
1826572
1831316
1834162
1834728
1860867
1862730
1863517
1868461
1875771
1881567
1885191
1885879
1889376
1890146
1890843
1891937
1892777
1893343
1893675
1894178
1894785
1895346
1942530
1943157
1944014
1945257
1950069
1950667
1973144
1974590
1977244
1978243
1979946
2001011
2001754
2003760
2005407
2008015
2009077
2013758
2051370
2051938
2099299
2100692
2108640
2114449
2114994
2115570
2116037
2116406
2116888
2117222
2117577
2117901
2118344
2118645
2119107
2119689
2123980
2126843
2128215
2136682
2138507
2139216
2140020
2140732
2141201
2141666
2148411
2148883
2150331
2150854
2151680
2152576
2163731
2166723
2167775
2168123
2168673
2179633
2180509
2182880
2183391
2183969
2184586
2187483
2198479
2199387
2199754
2200185
2200709
2201134
2201730
2205927
2206848
2207373
2211687
2219155
2220322
2220953
2267563
2268240
2268637
2269487
2286159
2286684
2287358
2288025
2307215
2310238
2311128
2312696
2321546
2323654
2324392
2324898
2325451
2325918
2326482
2326999
2327911
2329100
2335311
2375639
2377260
2377998
2378698
2379848
2380614
2384954
2395470
2419728
2464912
2465382
2466031
2466486
2466904
2467811
2478366
2480728
2502332
2503101
2503751
2504249
2505569
2508767
2509591
2510336
2511740
2512613
2513128
2513724
2514417
2515048
2518155
2525478
2526227
2527101
2528038
2528640
2529230
2538212
2543160
2544326
2544929
2546532
2548783
2549674
2550230
2550706
2551347
2551987
2553494
2554038
2554456
2554876
2555250
2595014
2596208
2598909
2600207
2617606
2619310
2620699
2621341
2621804
2622633
2623292
2623969
2624588
2624989
2625320
2625701
2626362
2629679
2630527
2631056
2633109
2633592
2634120
2634580
2635050
2635807
2636756
2650704
2680440
2710930
2711660
2712388
2712911
2715715
2716778
2717679
2720239
2721525
2723176
2724179
2726314
2726960
2728060
2731039
2734546
2750738
2761537
2772610
2773601
2774259
2787836
2788696
2795065
2795609
2796240
2798334
2799284
2800464
2823798
2824415
2825029
2826314
2831532
2833134
2840623
2841152
2842016
2876362
2877814
2884370
2905757
2906732
2907292
2907717
2908165
2908785
2909295
2909931
2910476
2910862
2911257
2911844
2921037
2921805
2926894
2930452
2937024
2941219
2941941
2942637
2943307
2944387
2945673
2946171
2949589
2954839
2956321
2956913
2958283
2986661
2988228
3005844
3007513
3009242
3009937
3011905
3022808
3027633
3028459
3028976
3029459
3030003
3030719
3031112
3032097
3052726
3054049
3055255
3057994
3059348
3060117
3060657
3061685
3062633
3063584
3064038
3064767
3065936
3066571
3067086
3067866
3068811
3069417
3070958
3095771
3096409
3097187
3099579
3100618
3101057
3101577
3108369
3108969
3109699
3127527
3157437
3159920
3162754
3163311
3163714
3164326
3164864
3165420
3165978
3166764
3167723
3170468
3171238
3171999
3172846
3174044
3183321
3183842
3184449
3184966
3185979
3187068
3193099
3218119
3218952
3220003
3244741
3245451
3246057
3247099
3247881
3248533
3249548
3258716
3259411
3260710
3261828
3265286
3266022
3273514
3273988
3274692
3275930
3276477
3277026
3277614
3278192
3278955
3279576
3293277
3294029
3294628
3323619
3324532
3325108
3330134
3331676
3332085
3332647
3344272
3345226
3371337
3377382
3377813
3378543
3380092
3381203
3381826
3382328
3382850
3383690
3384252
3385183
3411385
3412623
3413350
3413958
3415462
3424110
3424975
3425385
3425782
3426363
3427518
3451909
3452292
3453031
3453951
3461073
3462717
3464092
3467767
3470702
3474208
3474886
3475653
3488765
3497903
3499028
3504518
3504961
3506933
3507828
3508898
3529932
3533660
3534063
3534704
3535482
3568704
3569286
3569841
3570431
3611479
3612148
3614394
3615961
3622951
3623760
3624883
3625709
3626380
3644401
3645218
3645698
3646224
3646660
3647311
3648131
3648583
3649683
3650486
3666771
3676166
3679608
3680041
3680483
3681074
3681561
3682225
3683206
3689342
3694512
3703452
3704257
3707031
3708454
3709028
3709431
3709870
3710685
3711581
3712665
3714608
3715195
3715982
3729664
3730480
3750111
3750941
3759561
3760183
3760846
3761329
3762032
3762504
3762981
3763446
3763931
3764337
3764696
3765293
3768206
3770722
3772590
3773115
3773939
3775495
3776435
3777631
3781462
3785612
3796859
3799187
3801362
3803340
3803801
3804332
3810308
3811698
3812434
3813124
3821683
3822227
3822619
3823017
3823464
3823757
3824095
3824347
3824692
3825005
3825400
3825832
3840260
3840875
3841458
3841976
3842854
3846514
3847295
3848314
3849188
3852565
3863596
3864096
3865925
3866789
3867359
3867947
3868676
3869248
3869916
3870495
3870797
3871153
3871472
3871886
3872569
3873094
3873774
3874683
3875620
3876506
3876940
3877431
3877835
3878417
3928063
3928861
3929862
3930566
3930980
3931591
3932590
3976740
3977421
3977984
3978567
3979247
3980836
3981277
3981720
3982381
3983138
3987024
3988153
3988998
3989456
3990076
3991161
4005557
4026795
4027867
4028940
4029792
4030809
4065920
4094767
4096530
4133132
4142602
4143560
4144078
4144586
4145079
4145642
4146102
4149901
4151166
4151738
4152160
4152554
4152961
4153443
4153852
4154359
4154999
4155451
4156203
4157004
4163582
4188185
4197479
4198269
4199124
4199888
4200664
4214854
4215720
4216258
4216825
4217538
4217976
4218879
4237945
4239092
4240264
4242180
4243567
4249789
4255609
4256517
4257133
4274168
4274812
4275458
4276190
4304038
4312480
4332711
4333190
4333957
4334401
4334837
4335942
4371621
4372605
4373260
4381062
4381947
4382849
4383633
4408915
4409441
4410491
4411554
4414190
4415143
4415843
4417312
4418553
4427747
4428415
4429251
4440450
4441184
4446900
4476397
4476958
4477606
4478243
4479201
4479677
4480800
4955124
4956218
4956790
4969496
4973247
4973876
4974313
4974717
4975052
4975450
4975743
4976037
4976382
4981830
4982213
4982795
4984019
4984884
4985570
4986515
4993877
4994342
4995002
5017219
5017694
5018819
5028523
5043154
5044150
5044882
5045379
5045788
5046189
5046489
5046785
5047089
5047361
5047822
5048747
5053034
5053771
5054370
5054833
5055223
5069994
5077331
5078009
5078973
5080011
5084434
5097478
5098329
5098632
5098912
5099222
5099602
5099973
5101248
5108083
5108762
5112113
5115845
5116540
5117191
5117936
5119698
5120649
5120980
5121334
5121661
5122021
5122551
5123499
5124081
5130875
5131404
5131725
5132125
5132387
5132712
5133107
5133423
5133830
5134204
5134544
5134851
5135213
5135798
5136729
5141291
5141919
5142360
5142807
5143524
5144424
5145333
5146468
5147218
5148486
5164743
5166016
5195837
5196630
5197202
5198086
5199272
5199909
5200461
5204808
5205953
5217111
5240756
5241195
5241876
5243481
5244061
5244724
5245588
5246053
5246631
5247151
5247796
5248498
5260021
5266122
5266715
5267559
5268319
5268907
5269369
5278181
5278974
5279475
5279926
5280495
5281022
5281661
5284257
5290255
5291163
5306781
5307566
5308574
5309064
5309936
5310573
5311255
5331080
5350858
5353006
5353574
5354046
5354696
5355269
5355956
5357425
5358019
5365707
5370445
5374056
5374588
5412203
5413887
5414484
5415067
5415422
5415728
5416166
5417892
5418613
5419062
5419664
5420626
5421272
5421651
5422005
5422665
5423729
5432811
5433897
5434547
5435229
5435891
5436769
5437348
5437865
5438256
5438994
5459830
5477753
5480658
5483359
5485431
5486249
5487159
5488073
5489438
5490109
5490655
5491120
5491597
5492356
5494628
5514278
5514817
5515524
5516073
5517295
5518007
5520992
5521488
5521972
5522339
5523017
5523694
5531951
5533808
5534897
5535713
5536341
5537526
5538115
5538834
5539861
5544183
5544839
5545912
5547108
5547604
5547959
5548415
5549150
5550343
5551525
5561915
5562564
5563063
5565310
5607280
5608639
5609828
5611409
5613505
5614373
5661159
5670554
5672680
5687853
5688703
5735102
5736140
5736520
5737327
5738401
5738923
5740517
5741351
5741838
5742647
5748648
5749673
5763723
5765392
5769294
5770027
5867980
5871013
5910067
5911372
5913037
5913460
5913812
5914176
5914891
5920949
5924385
5925402
5926141
5927475
5932425
5932835
5933143
5933408
5933812
5934105
5934428
5934810
5935100
5935502
5936209
5936696
5937362
5938367
5945952
5946635
5947221
5947925
5948949
5949447
5950057
5950466
5950848
5951249
5951585
5951888
5952230
5952550
5952814
5953267
5953526
5954075
5954379
5955732
5956936
5957673
5977007
5997603
5998183
5999037
6000106
6003058
6003708
6004619
6005826
6009944
6017102
6018107
6019545
6025789
6033274
6033696
6039732
6055886
6056392
6060758
6061517
6063621
6091925
6093078
6094059
6106103
6132873
6133881
6135893
6138533
6139074
6139534
6140016
6140774
6142160
6144025
6200702
6201599
6202974
6213220
6226054
6236264
6260692
6261721
6264419
6264967
6265533
6265815
6266321
6266803
6267186
6267646
6276211
6276627
6277152
6277519
6277978
6278450
6279699
6281210
6300067
6300484
6301161
6302038
6303941
6309297
6309875
6310497
6311007
6311454
6312338
6313567
6316245
6317092
6332036
6351736
6352319
6352953
6359620
6360284
6360711
6361452
6368244
6400235
6402746
6423572
6424530
6425145
6428938
6429539
6430056
6430568
6430924
6431805
6434645
6436651
6437204
6444496
6444943
6445298
6445754
6446219
6446773
6447252
6455229
6455900
6456665
6457327
6458808
6459513
6460129
6460493
6461044
6461427
6462333
6463801
6471423
6504733
6505978
6506562
6507635
6508387
6521138
6522070
6522782
6523390
6523734
6524243
6524751
6525173
6525999
6536218
6537882
6538505
6539148
6539948
6565482
6567959
6568601
6569354
6571508
6572536
6608608
6609404
6609822
6610106
6610505
6610938
6611551
6613188
6625339
6626635
6627253
6628181
6629112
6646260
6647049
6647639
6667143
6668173
6669373
6670311
6672343
6673088
6673938
6679956
6680673
6681237
6681969
6687061
6712399
6723618
6724401
6724834
6725431
6725789
6726125
6726454
6727060
6751829
6754638
6755337
6755917
6756855
6761437
6761904
6762358
6763058
6763982
6767021
6767927
6768902
6786592
6791944
6792619
6793209
6794524
6803197
6803994
6816197
6817651
6818384
6819116
6820052
6821007
6822373
6832602
6833269
6851392
6881359
6897926
6914158
6917394
6918906
6920482
6923861
6939451
6958072
6958626
6959103
6969371
6970348
6974385
6981256
6985837
6986343
6987569
6988359
6988778
6989277
6989722
6990269
6997498
7002122
7002766
7003599
7011747
7052982
7056842
7060305
7066676
7067081
7067663
7068173
7069087
7069540
7070179
7071054
7090328
7091146
7092296
7092822
7093693
7094118
7094729
7095226
7096431
7115123
7115842
7116400
7117109
7118737
7120618
7121750
7140350
7147614
7148277
7148715
7149193
7149883
7150265
7150827
7151287
7151747
7152233
7152980
7153690
7154358
7155721
7156844
7157317
7157760
7158100
7158612
7159071
7164754
7165207
7166077
7175220
7176101
7176581
7177108
7223094
7223703
7225588
7252706
7253974
7254505
7255031
7255580
7256164
7256725
7257852
7258574
7310547
7311395
7312598
7313292
7314112
7315898
7329532
7332092
7332674
7333206
7333722
7334154
7351792
7352394
7352938
7357289
7380136
7381243
7382050
7390479
7402944
7405227
7406231
7407623
7408079
7408854
7409248
7409688
7410133
7410603
7411347
7411691
7412293
7413042
7426713
7428032
7429003
7431983
7432598
7433340
7435820
7436317
7440714
7442358
7446205
7446755
7447373
7448742
7451714
7452395
7452919
7453267
7453756
7454342
7455403
7458750
7459330
7460006
7475561
7476478
7496523
7497436
7498116
7499310
7501537
7502128
7502709
7514558
7515067
7515979
7517070
7518065
7519475
7520166
7523118
7530428
7531152
7531855
7541066
7542525
7560634
7561021
7561644
7562819
7563554
7564748
7565304
7566795
7572710
7573080
7573604
7574002
7574862
7580240
7581417
7584120
7585180
7585865
7586508
7587566
7589761
7591438
7597138
7597846
7598290
7599150
7600370
7601286
7601763
7602263
7602672
7603166
7603681
7605539
7605988
7617083
7622804
7669190
7670102
7704037
7705958
7722075
7722841
7723410
7724024
7732031
7732602
7733146
7733587
7733969
7734407
7735475
7736764
7737449
7738138
7738886
7739908
7767067
7767474
7767858
7768221
7768732
7769184
7769617
7770013
7770657
7771647
7777267
7789750
7794174
7795368
7799609
7806137
7807110
7818336
7819202
7821418
7822200
7823354
7825445
7826019
7826776
7828311
7828814
7829539
7830399
7831112
7832111
7835968
7839751
7840826
7841427
7842173
7842721
7843134
7843535
7843975
7849029
7850356
7858565
7866705
7869276
7869915
7870649
7871572
7872110
7874933
7876199
7876845
7878310
7912526
7913038
7917543
7918713
7939187
7939972
7940501
7941372
7947970
7948614
7949832
7953568
7954216
7954872
7955639
7956348
7956907
7958082
7958828
7961143
7963786
7967763
7968231
7968631
7969154
7969973
7988464
7989072
7989577
7990062
7990396
7992048
7992769
7995792
8024942
8026215
8052693
8053449
8054086
8054725
8055243
8055941
8056569
8056969
8057587
8058191
8068684
8069570
8070149
8071085
8072318
8075837
8076204
8076937
8077433
8078433
8104070
8104830
8105324
8105776
8106361
8106801
8107291
8107844
8108535
8148244
8148603
8155532
8159352
8160020
8167813
8169784
8170593
8179123
8180663
8186370
8187269
8187906
8188329
8188818
8189458
8190121
8199357
8201078
8207956
8209627
8214515
8215415
8224318
8225196
8225630
8226562
8227789
8228370
8229444
8241728
8242482
8243173
8254048
8256222
8260810
8261919
8262498
8262774
8263071
8263520
8263958
8264583
8265215
8265555
8266015
8266750
8267213
8267601
8268148
8268459
8268843
8269146
8269526
8272729
8273541
8273970
8274477
8275579
8277182
8277944
8279494
8280109
8280598
8281006
8281345
8281795
8282299
8282815
8283319
8284079
8285351
8286596
8293614
8294690
8296281
8299839
8301314
8315971
8316586
8317118
8345995
8346629
8347397
8355747
8359932
8360736
8361386
8375318
8377067
8384623
8385370
8387092
8387674
8388563
8388942
8389456
8390794
8401782
8402267
8402851
8403582
8405638
8409747
8414574
8415281
8415930
8418766
8420169
8420877
8423499
8424155
8424895
8425611
8426274
8426911
8427307
8440288
8447363
8448615
8449108
8449664
8450056
8450595
8451126
8451798
8452424
8452958
8453640
8461017
8478012
8494056
8495395
8523633
8524283
8525096
8525544
8525977
8526918
8527731
8552630
8553473
8553938
8554594
8580376
8580759
8581244
8581655
8582042
8582671
8583225
8583632
8596702
8597267
8597635
8598133
8599127
8601452
8603389
8604438
8605332
8633050
8634104
8636098
8640592
8641070
8642056
8642668
8643704
8644675
8645443
8646620
8647254
8648026
8648830
8649644
8650138
8651751
8652307
8656364
8657352
8659725
8666495
8666883
8667309
8667992
8668654
8670806
8671468
8672055
8672709
8681617
8682077
8682573
8683046
8683675
8684957
8686223
8687457
8688147
8688788
8689881
8690639
8691755
8714008
8718409
8719100
8719648
8720176
8721067
8721627
8722053
8722773
8723396
8723930
8724360
8724963
8725637
8735397
8735839
8736195
8736575
8737233
8747940
8749820
8750813
8752072
8767920
8768855
8773686
8775305
8775789
8776325
8776978
8779776
8786949
8787601
8788224
8788975
8792011
8840272
8841941
8843779
8845780
8846825
8847213
8847587
8847903
8848320
8849318
8854844
8855930
8857537
8859011
8859646
8860389
8861104
8862018
8865751
8866913
8868467
8880910
8882776
8886827
8887771
8896075
8900214
8927033
8934227
8935091
8939061
8960814
8977521
9462314
9468050
9468552
9469040
9469765
9470740
9472595
9473418
9475756
9476739
9477483
9478070
9478564
9478883
9479285
9479659
9480047
9480457
9481268
9481884
9490057
9497717
9523498
9526967
9527727
9528182
9529140
9530051
9539732
9540250
9540788
9541111
9541767
9544501
9572421
9574047
9580847
9581415
9582422
9583074
9583484
9584074
9584438
9585356
9586418
9592652
9593125
9593578
9594848
9602201
9603035
9603821
9604138
9604636
9605138
9605546
9606599
9608983
9609556
9612570
9613230
9613876
9614704
9616272
9632435
9637184
9638091
9638509
9639207
9639793
9640875
9641987
9642449
9643011
9644319
9644912
9645399
9645922
9663227
9664818
9672180
9673287
9674082
9674555
9675109
9675433
9675842
9676245
9676728
9677213
9677482
9677884
9679693
9680679
9681756
9684471
9685257
9686549
9691762
9692620
9693082
9693810
9694562
9695037
9695802
9697518
9698158
9699344
9702072
9723864
9724563
9734966
9735825
9737963
9751313
9755750
9757486
9765851
9766307
9766732
9767578
9768496
9775883
9776766
9788282
9789363
9790270
9817218
9829826
9830793
9831531
9858847
9865935
9869445
9871139
9876203
9876789
9879400
9880085
9906613
9907543
9907981
9909437
9909968
9911088
9912114
9912479
9912863
9913232
9913540
9913927
9914559
9915130
9915812
9920911
9945962
9947090
9949597
9950303
9970409
9975006
9990753
10007962
10009012
10009554
10010379
10046282
10049704
10052635
10053413
10053830
10054756
10088366
10088930
10089418
10089986
10090616
10091294
10096261
10097978
10098469
10098931
10099351
10100025
10100905
10101607
10102033
10102520
10102898
10103194
10103685
10104066
10104645
10109812
10136544
10146492
10153257
10154315
10154873
10163335
10163789
10169500
10170897
10205383
10206539
10221029
10221831
10222313
10223016
10244043
10245217
10247995
10251227
10251741
10252200
10252494
10252894
10253356
10253762
10254479
10260479
10261005
10262302
10267663
10292028
10292554
10292961
10293363
10293702
10295142
10298627
10299421
10299997
10300730
10301315
10302681
10303465
10304343
10304982
10329821
10330579
10331084
10391889
10393776
10409006
10409527
10410311
10413532
10415104
10417407
10427675
10448971
10456079
10457790
10468182
10468932
10470865
10473287
10473813
10474312
10474851
10475395
10543292
10556810
10557780
10558701
10559868
10561587
10562718
10574506
10580507
10581226
10582251
10587178
10596529
10597173
10603429
10603928
10604719
10605278
10605910
10606706
10607972
10618970
10619581
10620015
10620548
10621257
10621549
10621870
10622175
10622619
10622910
10623256
10623544
10624000
10625286
10631779
10634728
10635461
10635991
10636480
10637130
10637713
10638130
10638919
10644886
10660522
10660907
10661759
10664556
10665212
10716681
10717210
10719609
10720513
10721604
10722100
10737055
10737899
10738945
10739736
10741008
10741916
10742471
10764321
10764763
10765394
10766183
10766804
10767308
10768088
10770163
10803559
10804348
10805391
10815251
10821396
10822098
10822626
10823086
10823503
10823858
10824371
10825780
10826782
10827527
10843735
10846073
10847807
10851036
10853051
10853822
10855896
10857700
10858232
10858728
10859464
10861426
10862424
10863273
10869706
10871513
10885899
10887370
10887951
10889062
10896607
10897012
10897392
10898189
10898838
10901170
10912985
10928647
10930233
10930612
10931142
10931780
10951938
10952455
10953106
10960654
10962099
10986074
10989704
11004683
11005102
11005473
11005836
11006252
11006543
11006877
11007197
11007572
11007993
11008903
11016619
11033724
11034418
11034804
11035342
11035898
11042886
11043660
11044148
11044922
11045614
11046996
11047607
11053714
11054462
11055025
11055693
11056328
11082193
11082720
11083085
11083385
11083661
11083921
11084157
11084429
11084774
11085126
11085776
11087446
11114734
11115999
11117043
11117558
11119561
11120601
11121236
11128135
11128671
11129774
11141034
11141507
11141991
11180013
11180609
11181356
11182022
11183286
11185063
11185856
11186400
11186941
11187706
11188243
11191791
11193049
11193853
11209448
11210115
11210695
11211401
11212087
11212827
11251051
11251622
11252063
11252425
11252939
11253641
11254296
11254984
11256608
11257185
11258021
11258826
11260287
11260958
11261598
11262411
11270758
11271473
11272063
11273301
11273874
11274798
11285312
11292530
11296646
11297980
11299946
11305379
11305843
11306460
11307539
11326562
11327223
11327864
11328663
11329546
11330456
11337753
11350953
11382083
11382738
11383759
11392055
11406408
11416038
11416575
11417135
11417692
11418131
11419477
11421607
11423221
11424398
11425371
11426450
11429151
11429773
11430492
11431461
11432299
11432983
11433924
11435631
11439599
11443175
11444287
11453429
11454320
11454775
11455333
11455938
11457157
11457643
11460407
11462158
11463707
11485240
11486223
11487116
11493232
11509394
11513292
11519798
11520127
11520473
11520962
11521654
11522121
11522744
11523302
11546148
11547675
11549397
11552007
11574615
11575350
11576126
11576677
11577373
11581339
11582483
11584254
11585619
11587418
11588282
11589085
11590092
11590818
11591392
11592140
11593208
11594325
11594927
11595559
11596727
11608472
11650791
11658674
11659440
11665362
11666880
11675410
11676081
11677022
11678425
11679002
11679696
11680407
11701318
11701718
11702242
11702694
11703084
11703540
11704321
11716963
11718722
11720187
11722465
11723989
11724622
11730798
11731910
11732763
11733513
11765981
11766741
11767189
11815702
11822046
11823476
11828577
11829247
11829622
11830136
11830475
11830844
11831432
11831939
11832763
11833200
11833555
11833978
11844921
11846256
11848379
11850541
11851489
11852007
11852690
11853052
11853387
11853791
11854231
11854698
11855139
11855511
11855898
11856350
11867743
11868373
11868769
11869279
11869910
11871692
11883762
11884552
11885845
11886459
11887416
11888802
11892681
11913147
11913779
11917540
11917989
11918694
11919250
11919641
11920122
11926173
11926829
11927255
11934216
11935552
11936861
11937485
11938212
11939490
11940385
11941654
11942316
11942985
11943505
11944177
11945319
11968705
11993973
11994473
11994915
11995471
11995817
11996384
11996931
11998741
11999810
12000876
12002646
12003544
12004764
12005512
12006248
12006803
12007450
12007913
12008370
12008932
12009591
12010194
12010881
12017804
12019591
12023058
12027381
12028948
12044060
12056943
12058154
12065316
12066032
12067000
12067758
12075029
12076533
12152615
12153300
12154197
12154777
12155249
12170761
12172568
12202635
12214156
12215477
12216143
12216550
12217003
12217427
12217774
12218068
12218457
12218819
12219250
12219996
12221942
12223047
12238026
12240005
12240712
12242104
12246112
12246774
12250487
12251735
12252706
12254399
12255186
12260973
12261467
12261914
12262452
12263334
12264141
12264944
12276482
12277326
12277812
12278429
12279145
12279778
12285403
12286412
12287523
12288553
12289187
12289783
12290326
12306425
12307383
12308133
12310346
12311222
12312340
12319767
12327464
12328493
12329362
12330154
12330812
12331517
12334233
12335816
12336368
12338730
12348153
12348759
12351254
12386846
12396094
12396864
12397311
12397909
12398259
12398835
12400327
12401341
12402836
12411762
12413025
12420554
12435113
12437334
12441301
12441891
12442449
12443423
12444058
12444957
12461742
12462888
12474577
12475696
12476722
12477164
12477609
12478302
12479153
12480547
12482151
12484840
12487252
12523880
12528111
12542713
12544406
12569772
12570525
12570970
12571477
12572226
12573279
12574029
12600204
12600927
12601888
12604228
12604668
12605088
12605639
12606274
12618662
12623143
12625722
12627076
12639175
12639929
12640620
12641739
12649121
12649792
12653512
12662181
12662639
12663224
12663668
12664333
12664898
12665664
12680306
12681140
12682449
12683728
12684719
12686862
12711385
12726919
12727713
12728295
12728834
12736463
12737278
12737754
12738220
12738593
12739051
12739448
12740163
12740702
12741237
12741865
12742434
12743240
12770058
12771334
12772087
12772984
12773348
12773910
12775475
12776176
12780293
12780911
12781292
12781801
12782697
12783326
12784367
12803423
12804306
12805643
12806422
12807528
12812280
12813061
12813774
12814291
12857464
12858576
12870892
12872523
12872929
12873311
12873682
12873996
12874434
12875148
12875912
12893145
12898634
12922997
12984461
13002410
13004127
13004570
13005513
13005925
13006403
13007703
13008181
13008511
13008845
13009643
13065045
13075239
13077311
13078246
13078745
13079934
13081305
13084899
13087552
13088912
13091521
13092052
13093041
13095955
13098458
13099230
13099960
13100831
13101424
13101904
13102324
13102810
13103596
13106619
13107388
13129296
13130211
13130548
13130894
13131217
13131568
13131869
13132223
13132735
13133157
13133996
13143342
13145073
13145564
13146207
13147899
13154406
13155184
13159067
13162099
13170241
13170729
13171199
13181550
13182418
13183057
13183960
13184660
13185811
13186785
13188754
13212806
13213299
13213745
13214301
13214695
13215355
13216112
13216576
13217166
13217738
13218619
13219621
13227694
13230293
13236189
13237190
13259074
13259873
13262518
13263169
13263647
13264099
13264827
13265630
13269823
13271462
13271909
13284699
13285330
13285999
13286341
13286731
13287476
13287907
13288410
13289345
13289760
13290694
13293331
13295473
13299277
13299965
13300555
13301008
13301596
13302145
13302823
13303440
13304243
13307568
13308521
13310075
13327676
13328423
13331073
13336822
13338791
13365807
13369312
13370632
13373104
13374054
13392790
13393533
13398733
13399462
13400512
13402780
13403557
13404907
13405980
13416885
13417653
13418265
13418765
13419191
13419662
13421166
13422130
13442792
13455679
13458610
13460049
13460517
13461154
13464139
13470059
13471539
13472243
